0 3840781602
1 3840810891
2 3840827231
3 3840852037
4 3840872909
5 3840899423
6 3840942364
7 3840966618
8 3840979160
9 3840994691
10 3841016515
11 3841040487
12 3841073185
13 3847795854
14 3859473676
15 3869846386
16 3880510336
17 3888842490
18 3899363674
19 3909390145
20 3916742942
21 3923628430
22 3923658300
23 3923674000
24 3923697162
25 3923721271
26 3923743846
27 3923775843
28 3923802626
29 3923836095
30 3923863867
31 3923892766
32 3923926528
33 3923959720
34 3924013584
35 3924038072
36 3924062926
37 3924083548
38 3924114484
39 3924144855
40 3924158619
41 3924173637
42 3924189496
43 3924227662
44 3924258824
45 3924297193
46 3924333664
47 3924367241
48 3924396555
49 3924436717
50 3924464221
51 3924483283
52 3924529073
53 3924544002
54 3924569454
55 3924593478
56 3924622438
57 3924638664
58 3924659522
59 3924688011
60 3924715085
61 3924740632
62 3924760963
63 3924786676
64 3924813781
65 3924852633
66 3924868666
67 3924881344
68 3924904399
69 3924927450
70 3924992378
71 3925066778
72 3925148187
73 3925244690
74 3925318915
75 3925387788
76 3925476455
77 3925557691
78 3925638734
79 3925682268
80 3925703807
81 3925736651
82 3925760001
83 3925786590
84 3925820994
85 3925845698
86 3925875794
87 3925902081
88 3925928228
89 3925951751
90 3925978199
91 3926009718
92 3926038365
93 3926084845
94 3926119577
95 3926158151
96 3930456436
97 3940885751
98 3951530548
99 3959006414
100 3970264249
101 3981256987
102 3989137670
103 3997183898
104 4007382493
105 4009629057
106 4009667473
107 4009694467
108 4009722303
109 4009747315
110 4009789014
111 4009832171
112 4009854922
113 4009900441
114 4009927804
115 4009946141
116 4009970662
117 4009997318
118 4010013543
119 4010025101
120 4010037160
121 4010059219
122 4010073638
123 4010102575
124 4010121526
125 4010141443
126 4010163537
127 4010196537
128 4010211196
129 4010230663
130 4010236665
131 4010242588
132 4010242660
133 4010250245
134 4010261198
135 4010280512
136 4010323769
137 4010348728
138 4010391198
139 4010417102
140 4010446278
141 4010467393
142 4010486959
143 4010510105
144 4010537997
145 4010557571
146 4010568897
147 4010589478
148 4010612726
149 4010622754
150 4010647518
151 4010666740
152 4010690776
153 4010718885
154 4010735801
155 4010767576
156 4010797913
157 4010837473
158 4010867004
159 4010894493
160 4010921078
161 4010952621
162 4010974237
163 4011000558
164 4011032357
165 4011056641
166 4011081488
167 4011116692
168 4011149011
169 4011176820
170 4011208174
171 4011238113
172 4011268352
173 4011290382
174 4011319011
175 4011339651
176 4011353545
177 4011371594
178 4011386907
179 4011403327
180 4011418608
181 4011438447
182 4011485124
183 4011505821
184 4011520000
185 4011542806
186 4011568948
187 4011591247
188 4011620046
189 4011649052
190 4011677333
191 4011702338
192 4011731999
193 4011763744
194 4011793424
195 4011818274
196 4011834674
197 4012567242
198 4014802935
199 4023674633
200 4035502298
201 4043006359
202 4050993685
203 4059426038
204 4070840818
205 4080539116
206 4080553859
207 4080574656
208 4080595426
209 4083187420
210 4089688962
211 4092609033
212 4092636731
213 4092656710
214 4092682360
215 4092709360
216 4092731219
217 4092757001
218 4092777455
219 4092801018
220 4092820220
221 4092846689
222 4092869309
223 4092893770
224 4092920893
225 4092941950
226 4092977122
227 4093006614
228 4093037978
229 4093070860
230 4093092964
231 4093123171
232 4093145160
233 4093167323
234 4093189046
235 4093210631
236 4093223668
237 4093242542
238 4093269139
239 4093296136
240 4093317727
241 4093342909
242 4093373137
243 4093400307
244 4093427944
245 4093459310
246 4093487485
247 4093512399
248 4093526509
249 4093551667
250 4093567493
251 4093594259
252 4093626622
253 4093644632
254 4093666606
255 4093697662
256 4093729673
257 4093755030
258 4093784106
259 4093811523
260 4093843182
261 4093871952
262 4093889270
263 4093906926
264 4093932073
265 4093949096
266 4093973043
267 4094000867
268 4094027734
269 4094057679
270 4094079369
271 4094105751
272 4094125222
273 4094154477
274 4094173149
275 4094200791
276 4094227539
277 4100663762
278 4111028133
279 4120279559
280 4130474133
281 4140100566
282 4148493988
283 4158481692
284 4165927909
285 4170071554
286 4170099972
287 4170126749
288 4170181184
289 4170206533
290 4170234155
291 4170253869
292 4170286013
293 4170314643
294 4170337402
295 4170373719
296 4170404138
297 4170435700
298 4170453518
299 4170480268
300 4170513850
