0 2898942277
1 2902717811
2 2902755489
3 2902783979
4 2902826583
5 2902856738
6 2902883638
7 2902914255
8 2902974751
9 2903021612
10 2903099310
11 2903149431
12 2903214470
13 2903264982
14 2903302090
15 2903359285
16 2903389352
17 2903437241
18 2903472079
19 2903527889
20 2910840941
21 2914918692
22 2919225883
23 2921400653
24 2922714948
25 2923874418
26 2925215541
27 2932347286
28 2944175763
29 2946756008
30 2946792108
31 2946826573
32 2946862864
33 2946907436
34 2947013613
35 2947035736
36 2947060321
37 2947096198
38 2947126699
39 2947164651
40 2947215652
41 2947243913
42 2947283277
43 2948295108
44 2953174219
45 2953208366
46 2953239707
47 2958795518
48 2966876552
49 2974325428
50 2981264216
51 2990330444
52 3000786788
53 3012640894
54 3021816514
55 3022014354
56 3022039758
57 3022070592
58 3022107822
59 3026796456
60 3036160318
61 3036178127
62 3036216173
63 3036237266
64 3036278050
65 3036303425
66 3036334821
67 3036369213
68 3036404174
69 3036441969
70 3036489679
71 3036518201
72 3043134800
73 3050179172
74 3060113519
75 3071974746
76 3076302854
77 3076322395
78 3076342052
79 3076368377
80 3076389863
81 3076410909
82 3076447990
83 3076465457
84 3076489756
85 3076521867
86 3076559748
87 3076588395
88 3076624600
89 3076657859
90 3076690599
91 3076724929
92 3076752424
93 3076777583
94 3076808983
95 3080005096
96 3089254427
97 3101268365
98 3111980202
99 3123031919
100 3129493770
101 3129538040
102 3129579723
103 3129620278
104 3129674796
105 3129715666
106 3129759127
107 3129778454
108 3129801056
109 3129829029
110 3129851886
111 3129864643
112 3129897004
113 3129917932
114 3129943600
115 3129971536
116 3130003423
117 3130038237
118 3133464739
119 3143513309
120 3153437942
121 3161101045
122 3170275808
123 3171268816
124 3171308786
125 3171337251
126 3171358870
127 3171389959
128 3171431686
129 3171468668
130 3171509316
131 3171549950
132 3171588603
133 3171615454
134 3171633400
135 3171667857
136 3171697957
137 3171726103
138 3171761842
139 3171797273
140 3171832006
141 3177533877
142 3187921468
143 3197622992
144 3209057464
145 3215592365
146 3222848004
147 3228076660
148 3228112054
149 3228143260
150 3228168132
151 3228200440
152 3228238966
153 3228279501
154 3228304316
155 3228329161
156 3228358522
157 3228392913
158 3228436283
159 3228465121
160 3228499139
161 3228543251
162 3228580575
163 3228614064
164 3228645181
165 3228687309
166 3236010930
167 3246748572
168 3255031364
169 3267035890
170 3275817861
171 3278217551
172 3278257277
173 3278294477
174 3278330969
175 3278360804
176 3278380001
177 3278411542
178 3278442987
179 3278464574
180 3278485813
181 3278518393
182 3278549351
183 3278578093
184 3278606670
185 3278647094
186 3278673129
187 3278709546
188 3278753370
189 3278787784
190 3278830550
191 3278859390
192 3280505814
193 3287083290
194 3292207550
195 3298352841
196 3301921909
197 3313354110
198 3323862007
199 3332808879
200 3333351479
201 3333383442
202 3333413483
203 3333442350
204 3333467466
205 3333492220
206 3333520881
207 3333547961
208 3333578711
209 3333610179
210 3333651679
211 3333702975
212 3333743991
213 3333790931
214 3333834786
215 3333884090
216 3333918755
217 3333957133
218 3334461987
219 3344569136
220 3355666184
221 3364472616
222 3365946331
223 3365980719
224 3366005872
225 3366029219
226 3366062332
227 3366102024
228 3366138211
229 3366168940
230 3366205985
231 3366224586
232 3366237761
233 3366250765
234 3366264664
235 3366286127
236 3366302454
237 3366321769
238 3370435943
239 3381657455
240 3389501562
241 3398373262
242 3408778705
243 3413213358
244 3413239830
245 3413270951
246 3413300150
247 3413335130
248 3413353211
249 3413380385
250 3413407012
251 3413438785
252 3413477108
253 3413510343
254 3413539924
255 3413557876
256 3413579790
257 3413601890
258 3413629444
259 3413645246
260 3413679792
261 3413714351
262 3418444951
263 3426684712
264 3433959604
265 3444585541
266 3446865574
267 3446883025
268 3446906038
269 3446923663
270 3446932572
271 3446958697
272 3446979518
273 3447009953
274 3447035956
275 3447068172
276 3447088834
277 3447108454
278 3447136107
279 3447167624
280 3447176056
281 3454482137
282 3465669733
283 3475216981
284 3485439018
285 3490244051
286 3490256068
287 3490283217
288 3490297853
289 3490316355
290 3490332952
291 3490349960
292 3490366547
293 3490383720
294 3490404382
295 3490433562
296 3490462721
297 3490488377
298 3490506355
299 3490524034
300 3490540614
