0 3286242208
1 3286249546
2 3286260077
3 3286278739
4 3286281732
5 3286281732
6 3286283609
7 3286302850
8 3286317244
9 3286330235
10 3286356244
11 3286371117
12 3286394575
13 3286412807
14 3286423069
15 3286430048
16 3286449090
17 3286465900
18 3286473357
19 3286481976
20 3286695111
21 3286951686
22 3287423061
23 3289266016
24 3289732390
25 3289782088
26 3289851381
27 3290578076
28 3291062863
29 3295177804
30 3298838011
31 3299377601
32 3303155923
33 3307378888
34 3312804184
35 3317868700
36 3321556236
37 3323113197
38 3323516950
39 3323827829
40 3323926694
41 3324164863
42 3324496650
43 3324569966
44 3324569966
45 3324569966
46 3324569966
47 3324569966
48 3324569966
49 3324571419
50 3324571419
51 3324571419
52 3324571419
53 3324571419
54 3324571419
55 3324571419
56 3324571419
57 3324571419
58 3324571419
59 3324571419
60 3324571419
61 3324571419
62 3324571419
63 3324571419
64 3324571419
65 3324581941
66 3324596003
67 3324608365
68 3324631261
69 3324668496
70 3324677112
71 3324700186
72 3324724592
73 3324738690
74 3324755089
75 3324781084
76 3324829497
77 3324874261
78 3325210305
79 3325210821
80 3325213902
81 3325214926
82 3325229719
83 3325241847
84 3325327080
85 3327192959
86 3328372101
87 3328524400
88 3328542579
89 3328565461
90 3328591978
91 3328609841
92 3328624735
93 3328641572
94 3328658820
95 3328681043
96 3328697378
97 3328708558
98 3328718385
99 3328730158
100 3328734778
101 3328751154
102 3328761985
103 3328781904
104 3328790397
105 3328804413
106 3328821502
107 3328827650
108 3328832493
109 3328840249
110 3328844935
111 3328859867
112 3328875207
113 3328901330
114 3328922303
115 3328943143
116 3328960154
117 3328974120
118 3328982274
119 3328990662
120 3329033786
121 3331591673
122 3331661571
123 3332571195
124 3335256229
125 3338335729
126 3338643097
127 3340515946
128 3341889980
129 3342129223
130 3342163376
131 3343699233
132 3344314070
133 3344470813
134 3344484776
135 3344494624
136 3344518768
137 3344521887
138 3344526657
139 3344526657
140 3344526680
141 3344546460
142 3344617949
143 3344669171
144 3344687766
145 3344697742
146 3344719110
147 3344739870
148 3344762439
149 3345057356
150 3345057929
151 3345058770
152 3345059355
153 3345060449
154 3345062233
155 3345064609
156 3345069125
157 3345080301
158 3345080324
159 3345080324
160 3345080324
161 3345080324
162 3345080324
163 3345080324
164 3345080324
165 3345084570
166 3345092154
167 3345100059
168 3345123246
169 3345129153
170 3345141999
171 3345159407
172 3345165341
173 3345186706
174 3345200318
175 3345200622
176 3345202835
177 3345214963
178 3345221485
179 3345230099
180 3345236006
181 3345245278
182 3345275037
183 3345314137
184 3345355376
185 3345380630
186 3345437635
187 3345463523
188 3345516810
189 3345581473
190 3345602202
191 3345612090
192 3345663803
193 3345671137
194 3345683173
195 3345690211
196 3345695402
197 3345699120
198 3345702665
199 3345748098
200 3345756250
201 3345757848
202 3345761151
203 3345766173
204 3345766563
205 3345768197
206 3345769179
207 3345769289
208 3345773374
209 3345776345
210 3345777750
211 3345779389
212 3345780148
213 3345780308
214 3345780580
215 3345783423
216 3345786641
217 3345786915
218 3345790199
219 3345792321
220 3345796031
221 3345801324
222 3345811700
223 3345813517
224 3345833479
225 3345845291
226 3345848014
227 3345850904
228 3345854003
229 3345857588
230 3345869219
231 3345879494
232 3345897163
233 3345953385
234 3346063643
235 3346279740
236 3346716999
237 3346975191
238 3347322055
239 3347339713
240 3350040083
241 3350065148
242 3350075971
243 3350100966
244 3350292161
245 3350337638
246 3350439184
247 3355008023
248 3358293277
249 3358661393
250 3359047979
251 3359069287
252 3359084120
253 3359126925
254 3359184430
255 3359211836
256 3359218012
257 3359244784
258 3359264192
259 3359379750
260 3359567092
261 3359574300
262 3359589160
263 3359626197
264 3359709237
265 3359724365
266 3359759757
267 3359771466
268 3359788135
269 3359804206
270 3359820537
271 3359826846
272 3359827132
273 3359829579
274 3359831303
275 3359831775
276 3359831775
277 3359831775
278 3359831775
279 3359831775
280 3359831775
281 3359835163
282 3359835163
283 3359835163
284 3359835163
285 3359835163
286 3359835163
287 3359835163
288 3359835163
289 3359835163
290 3359835163
291 3359835163
292 3359835163
293 3359835163
294 3359835163
295 3359835163
296 3359835186
297 3359835209
298 3359839120
299 3359842220
300 3359845610
301 3359848385
302 3359850013
303 3359851506
304 3359864728
305 3359868704
306 3359896824
307 3359915706
308 3359921950
309 3359927837
310 3359943636
311 3359957810
312 3359969889
313 3359975000
314 3359979269
315 3359981890
316 3359983338
317 3359987856
318 3360031488
319 3360079836
320 3360083192
321 3360084621
322 3360097910
323 3360531657
324 3360543938
325 3360606178
326 3360641456
327 3360642173
328 3360647878
329 3360651059
330 3360664683
331 3360674351
332 3360675465
333 3360678492
334 3360704403
335 3360732964
336 3360740416
337 3360782302
338 3360814203
339 3360827806
340 3360840948
341 3360856041
342 3360891643
343 3360983817
344 3361017735
345 3361052058
346 3361059193
347 3361064883
348 3361102670
349 3361109151
350 3361110821
351 3361122330
352 3361143267
353 3361190387
354 3361212520
355 3361356270
356 3361363182
357 3361365739
358 3361369054
359 3361374023
360 3361386240
361 3361407056
362 3361410461
363 3361899172
364 3362021850
365 3362140974
366 3362584982
367 3362590091
368 3362590866
369 3362591723
370 3362593539
371 3362593687
372 3362593875
373 3362594806
374 3362594806
375 3362594806
376 3362594806
377 3362594806
378 3362594806
379 3362594877
380 3362598486
381 3362598486
382 3362598486
383 3362598486
384 3362598486
385 3362598486
386 3362598486
387 3362598486
388 3362598486
389 3362598486
390 3362598486
391 3362598486
392 3362598486
393 3362598486
394 3362598509
395 3362598509
396 3362598509
397 3362598509
398 3362598509
399 3362598509
400 3362598509
401 3362598509
402 3362598509
403 3362598509
404 3362598509
405 3362598509
406 3362598509
407 3362598509
408 3362598509
409 3362605487
410 3362655434
411 3362679291
412 3362716706
413 3362733895
414 3362758788
415 3362772816
416 3362794740
417 3362807093
418 3362828016
419 3362835291
420 3362866075
421 3362874227
422 3362881392
423 3362894466
424 3362903967
425 3362922216
426 3362940374
427 3362961218
428 3362970673
429 3362980325
430 3362989665
431 3362999894
432 3363005738
433 3363012730
434 3363023365
435 3363023603
436 3363032161
437 3363032735
438 3363033780
439 3363049535
440 3363049903
441 3363052231
442 3363055095
443 3363057913
444 3363060822
445 3363061898
446 3363062074
447 3363062074
448 3363062074
449 3363062074
450 3363062074
451 3363062074
452 3363062074
453 3363062074
454 3363062074
455 3363062074
456 3363062074
457 3363062074
458 3363062074
459 3363062074
460 3363062074
461 3363062074
462 3363062074
463 3363062074
464 3363062074
465 3363062074
466 3363062074
467 3363062145
468 3363062145
469 3363062145
470 3363062145
471 3363062145
472 3363062145
473 3363062145
474 3363062145
475 3363062145
476 3363062145
477 3363062145
478 3363062145
479 3363062145
480 3363062145
481 3363062145
482 3363062145
483 3363062145
484 3363062145
485 3363062145
486 3363062145
487 3363062145
488 3363062145
489 3363062145
490 3363062145
491 3363062145
492 3363062145
493 3363062145
494 3363062145
495 3363062145
496 3363062145
497 3363062145
498 3363062145
499 3363062145
500 3363062145
501 3363062145
502 3363062145
503 3363062145
504 3363062145
505 3363062145
506 3363062145
507 3363063598
508 3363063598
509 3363063598
510 3363063598
511 3363063598
512 3363063598
513 3363063598
514 3363063598
515 3363063598
516 3363063598
517 3363063598
518 3363063598
519 3363063598
520 3363063598
521 3363063598
522 3363067877
523 3363098468
524 3363127332
525 3363146675
526 3363179737
527 3363217102
528 3363233743
529 3363248148
530 3363274028
531 3363295055
532 3363342088
533 3363374084
534 3363411529
535 3363426368
536 3363447490
537 3363479275
538 3363492925
539 3363506396
540 3363521769
541 3363545315
542 3363557169
543 3363571524
544 3363580185
545 3363605219
546 3363627202
547 3363664320
548 3363681476
549 3363707703
550 3363720659
551 3363728128
552 3363740874
553 3363751962
554 3363760937
555 3363764689
556 3363766560
557 3363766702
558 3363773246
559 3363785801
560 3363802310
561 3363813545
562 3363832841
563 3363860989
564 3363887968
565 3363906737
566 3363944020
567 3363961638
568 3363974750
569 3363984163
570 3363995070
571 3364007497
572 3364024376
573 3364033689
574 3364040113
575 3364051710
576 3364064422
577 3364073399
578 3364080485
579 3364096983
580 3364115202
581 3364136619
582 3364148377
583 3364158340
584 3364169612
585 3364180441
586 3364193326
587 3364214855
588 3364232923
589 3364250365
590 3364264578
591 3364272813
592 3364276400
593 3364294768
594 3364301215
595 3364305092
596 3364314660
597 3364327772
598 3364344186
599 3364355789
600 3364365762
601 3364392435
602 3364407071
603 3364415043
604 3364422673
605 3364441449
606 3364453710
607 3364468572
608 3364481795
609 3364485244
610 3364499042
611 3364515263
612 3364520634
613 3364527647
614 3364539823
615 3364559442
616 3364577185
617 3364586531
618 3364592809
619 3364605374
620 3364619137
621 3364633942
622 3364637216
623 3364643203
624 3364649374
625 3364662472
626 3364675868
627 3364683207
628 3364689055
629 3364697175
630 3364758705
631 3364758843
632 3364761303
633 3364761326
634 3364761349
635 3364765261
636 3364767079
637 3364780805
638 3364797401
639 3364806594
640 3364823080
641 3364851685
642 3364858518
643 3364877212
644 3364889505
645 3364906048
646 3364925846
647 3364940973
648 3364956305
649 3364969112
650 3364984348
651 3364990091
652 3365003208
653 3365026596
654 3365043721
655 3365054628
656 3365080599
657 3365099341
658 3365119368
659 3365133651
660 3365147804
661 3365162419
662 3365187127
663 3365211539
664 3365234838
665 3365250583
666 3365265953
667 3365269860
668 3365272982
669 3365275877
670 3365277171
671 3365277721
672 3365287701
673 3365293197
674 3365311103
675 3365325715
676 3365363776
677 3365380206
678 3365399413
679 3365438982
680 3365456880
681 3365472830
682 3365486867
683 3365511299
684 3365533837
685 3365555926
686 3365570410
687 3365583141
688 3365590838
689 3365597462
690 3365608389
691 3365614771
692 3365631022
693 3365648952
694 3365664299
695 3365674477
696 3365682988
697 3365689667
698 3365698398
699 3365709758
700 3365732046
701 3365740769
702 3365762488
703 3365775327
704 3365781073
705 3365787774
706 3365794259
707 3365803235
708 3365819395
709 3365822604
710 3365822671
711 3365822671
712 3365822671
713 3365822671
714 3365822671
715 3365822671
716 3365822671
717 3365822671
718 3365822742
719 3365822742
720 3365822742
721 3365822742
722 3365822742
723 3365822742
724 3365822742
725 3365822742
726 3365822742
727 3365822742
728 3365822742
729 3365822742
730 3365822742
731 3365822742
732 3365822742
733 3365824195
734 3365824195
735 3365824195
736 3365824195
737 3365824195
738 3365824195
739 3365824195
740 3365824195
741 3365824195
742 3365824195
743 3365824195
744 3365824195
745 3365824195
746 3365824195
747 3365824195
748 3365824195
749 3365824195
750 3365824195
751 3365824195
752 3365824195
753 3365824195
754 3365824195
755 3365824195
756 3365824195
757 3365824195
758 3365824195
759 3365824195
760 3365824195
761 3365824266
762 3365824266
763 3365824266
764 3365824266
765 3365824266
766 3365824266
767 3365824266
768 3365824266
769 3365824266
770 3365824266
771 3365824266
772 3365824266
773 3365824266
774 3365824266
775 3365824266
776 3365824266
777 3365824266
778 3365824266
779 3365824266
780 3365824266
781 3365824266
782 3365824266
783 3365824266
784 3365824266
785 3365824266
786 3365824266
787 3365824266
788 3365824266
789 3365824266
790 3365824266
791 3365824266
792 3365824266
793 3365824266
794 3365824266
795 3365824266
796 3365824266
797 3365824266
798 3365824266
799 3365824266
800 3365824266
801 3365824266
802 3365824266
803 3365824266
804 3365824266
805 3365824266
806 3365824266
807 3365824266
808 3365824266
809 3365824266
810 3365828512
811 3365839267
812 3365850911
813 3365880450
814 3365918148
815 3366029441
816 3366057678
817 3366077592
818 3366111148
819 3366118139
820 3366210439
821 3366316297
822 3366371470
823 3366374834
824 3366398014
825 3366537041
826 3366581388
827 3366649522
828 3366718346
829 3366800752
830 3366932536
831 3367905978
832 3368212554
833 3368305104
834 3368341727
835 3368437223
836 3368463327
837 3368495803
838 3368505639
839 3368524674
840 3369337609
841 3369349129
842 3369361837
843 3369365573
844 3369371257
845 3369376772
846 3369379181
847 3369381089
848 3369384669
849 3369480624
850 3369817155
851 3369840628
852 3369859890
853 3369992645
854 3370017480
855 3370031674
856 3370046582
857 3370063658
858 3370080618
859 3370141319
860 3370156585
861 3370174302
862 3370192446
863 3370206814
864 3370220285
865 3370232398
866 3370258113
867 3370271198
868 3370286827
869 3370302273
870 3370315583
871 3370328883
872 3370343511
873 3370361154
874 3370379224
875 3370395063
876 3370408346
877 3370426259
878 3370437462
879 3370448601
880 3370454418
881 3370474604
882 3370585471
883 3371102195
884 3371789563
885 3372622335
886 3372927005
887 3373030343
888 3374127079
889 3375331948
890 3375973122
891 3377007734
892 3377879113
893 3378660838
894 3378673052
895 3378871537
896 3379255763
897 3379285615
898 3379296417
899 3379303689
900 3379312907
901 3379323218
902 3379332028
903 3379333753
904 3379334847
905 3379338693
906 3379833329
907 3379844510
908 3379860945
909 3380268327
910 3380363983
911 3380372613
912 3381372871
913 3381998352
914 3381998658
915 3381998729
916 3381998729
917 3381998729
918 3381998729
919 3381998729
920 3381998729
921 3381998729
922 3381998729
923 3381998752
924 3382019068
925 3382044642
926 3382272924
927 3382604242
928 3382625291
929 3382766258
930 3382788732
931 3382876313
932 3382887781
933 3382912433
934 3383065745
935 3383677952
936 3383837478
937 3384102811
938 3384123732
939 3384139337
940 3384152440
941 3384172856
942 3384196002
943 3384216652
944 3384348966
945 3384362005
946 3384498556
947 3384528497
948 3384549499
949 3384642521
950 3384757877
951 3384804136
952 3384909035
953 3384924993
954 3384946609
955 3384966987
956 3384973918
957 3384976636
958 3384976900
959 3384981250
960 3384988362
961 3384995739
962 3385008991
963 3385019490
964 3385026925
965 3385037170
966 3385062880
967 3385068970
968 3385085423
969 3385115293
970 3385133201
971 3385153628
972 3385170121
973 3385189698
974 3385219426
975 3385232567
976 3385254648
977 3385279015
978 3385298897
979 3385322028
980 3385340109
981 3385351142
982 3385366051
983 3385383489
984 3385547395
985 3386321353
986 3387355294
987 3388373327
988 3388986528
989 3389003960
990 3389032981
991 3389054690
992 3389066708
993 3389083447
994 3389107063
995 3389114640
996 3389132781
997 3389276688
998 3389335856
999 3389353014
1000 3389358415
1001 3389363226
1002 3389364871
1003 3389403173
1004 3389417246
1005 3389435121
1006 3389451174
1007 3389471933
1008 3389485767
1009 3389503797
1010 3389516266
1011 3389527514
1012 3389541762
1013 3389547733
1014 3389547819
1015 3389597809
1016 3391430374
1017 3391537826
1018 3393042050
1019 3393529244
1020 3393756459
1021 3393793256
1022 3393928488
1023 3394691077
1024 3394728985
1025 3394737776
1026 3394742750
1027 3394744599
1028 3394747642
1029 3394770817
1030 3394779864
1031 3394784552
1032 3394799828
1033 3394806532
1034 3394811496
1035 3394816198
1036 3394817749
1037 3394824089
1038 3394827337
1039 3394827853
1040 3394832027
1041 3394834237
1042 3394837972
1043 3394925390
1044 3394925390
1045 3394928081
1046 3394928081
1047 3394957546
1048 3394962777
1049 3394963073
1050 3394964946
1051 3394964946
1052 3394964946
1053 3394964946
1054 3394964946
1055 3394964946
1056 3394964946
1057 3394964946
1058 3394964946
1059 3394964946
1060 3394964946
1061 3394964946
1062 3394964946
1063 3394964946
1064 3394964946
1065 3394964946
1066 3394964946
1067 3394964946
1068 3394964946
1069 3394964946
1070 3394964946
1071 3394964946
1072 3394965017
1073 3394965017
1074 3394965017
1075 3394965017
1076 3394965017
1077 3394965017
1078 3394965017
1079 3394965017
1080 3394965017
1081 3394965017
1082 3394965017
1083 3394965017
1084 3394965017
1085 3394965017
1086 3394965017
1087 3394965017
1088 3394965017
1089 3394965017
1090 3394965017
1091 3394965017
1092 3394968630
1093 3395006095
1094 3395031347
1095 3395071250
1096 3395105046
1097 3395134562
1098 3395176537
1099 3395212025
1100 3395232581
1101 3395260941
1102 3395310535
1103 3395810340
1104 3395879503
1105 3395898130
1106 3395926076
1107 3395941061
1108 3395965654
1109 3395994689
1110 3396017632
1111 3396042568
1112 3396060104
1113 3396150802
1114 3396177325
1115 3397006339
1116 3398233499
1117 3398940303
1118 3398973400
1119 3398995631
1120 3399021841
1121 3399045953
1122 3399063544
1123 3399083294
1124 3399114934
1125 3399140361
1126 3399159997
1127 3399182121
1128 3399217086
1129 3399276221
1130 3399309551
1131 3399349376
1132 3399374297
1133 3399405269
1134 3399432921
1135 3399461838
1136 3399481850
1137 3399515257
1138 3399544183
1139 3399573700
1140 3399608304
1141 3399628877
1142 3399654539
1143 3399679833
1144 3399727790
1145 3399759766
1146 3399795153
1147 3399832736
1148 3399873073
1149 3399889359
1150 3399908175
1151 3399928559
1152 3399940953
1153 3399962365
1154 3399986240
1155 3400007179
1156 3400029092
1157 3400045662
1158 3400073531
1159 3400092373
1160 3400116913
1161 3400138164
1162 3400163063
1163 3400189897
1164 3400212893
1165 3400237215
1166 3400258407
1167 3400274490
1168 3400293022
1169 3400326361
1170 3400343305
1171 3400384546
1172 3400412470
1173 3400440223
1174 3400463959
1175 3400494685
1176 3400529148
1177 3400551404
1178 3400568705
1179 3400663338
1180 3400952138
1181 3400986183
1182 3401003771
1183 3401094225
1184 3401268691
1185 3402038449
1186 3402677902
1187 3402909224
1188 3402940975
1189 3403855186
1190 3404205462
1191 3404385315
1192 3404509298
1193 3404622208
1194 3405419173
1195 3405968991
1196 3406026945
1197 3406113670
1198 3406701043
1199 3406807961
1200 3406944832
1201 3407137747
1202 3407264904
1203 3407353286
1204 3407386601
1205 3407449983
1206 3407463555
1207 3407493118
1208 3407528468
1209 3407555496
1210 3407573593
1211 3407600387
1212 3407622814
1213 3407641877
1214 3407653570
1215 3407669912
1216 3407691985
1217 3407716481
1218 3407735096
1219 3407750457
1220 3407776952
1221 3407824848
1222 3407862023
1223 3407884322
1224 3407912875
1225 3407935677
1226 3407954871
1227 3407983882
1228 3408008276
1229 3408021641
1230 3408039195
1231 3408060203
