0 781327455
1 781344952
2 781403224
3 781437881
4 781462297
5 781486977
6 781505334
7 781525445
8 781546577
9 781567774
10 781633436
11 781652796
12 781670886
13 781692772
14 781712277
15 781743939
16 781756445
17 781780162
18 781796683
19 781910956
20 781934136
21 781973867
22 784815683
23 785257223
24 785274167
25 785296309
26 785325208
27 787092168
28 787111387
29 787138230
30 787193297
31 787208993
32 787219895
33 787227993
34 787255885
35 787702486
36 787721378
37 787739460
38 787760053
39 787785031
40 787810535
41 787829640
42 788154588
43 788176873
44 788194406
45 788481731
46 788500747
47 788525459
48 788549577
49 788569122
50 788602081
51 788621403
52 788944767
53 788969724
54 788986698
55 789017248
56 789333392
57 789349507
58 789371773
59 789399967
60 789429856
